2048
0 0 1203486730
4 
4 
4 
4 
3 0 628124467
1 0
0 0 1794084180
0 1 1099188815
1 1
0 1 693154529
2 0
4 
2 1
4 
1 1
1 0
0 0 661820983
4 
0 1 1798355644
4 
4 
4 
4 
2 1
4 
0 0 391623227
4 
4 
1 1
1 1
2 0
4 
0 1 948649510
3 1 1085713509
4 
4 
1 0
2 0
2 0
2 0
1 0
0 0 1686292155
0 1 1066416800
2 1
4 
1 0
4 
2 0
3 0 629270365
4 
3 0 2096975543
3 0 71167997
0 1 1730288667
4 
4 
2 1
4 
4 
4 
0 2 606750773
1 0
4 
1 1
2 0
0 1 239097733
2 1
3 0 408274259
4 
4 
2 0
4 
4 
4 
0 0 83026238
2 2
4 
3 2 238209104
4 
2 2
4 
4 
4 
1 0
4 
1 0
2 0
2 0
4 
4 
4 
0 1 1570842131
1 0
0 0 2138023422
1 0
3 0 1780914344
4 
4 
0 0 233630190
2 0
4 
4 
4 
0 1 366336679
0 0 2063004907
3 2 1302595163
0 2 743443921
4 
1 4
2 2
2 2
4 
0 3 1870594988
1 3
4 
1 0
4 
4 
2 2
2 1
1 1
4 
4 
4 
2 0
4 
1 1
4 
4 
4 
1 0
0 0 168315758
0 0 754376285
4 
4 
3 0 2045166397
0 2 793374841
4 
4 
3 1 1915142367
1 0
4 
3 0 2360350
0 0 697812646
4 
2 1
4 
3 0 1591300776
3 2 729686766
4 
1 1
3 1 963969369
1 1
4 
0 1 1122993969
4 
1 0
0 0 705290939
4 
4 
4 
4 
4 
3 1 341462078
4 
1 0
4 
4 
4 
3 0 214891589
4 
1 0
0 0 314172913
3 0 813940423
2 0
0 1 1266937589
4 
4 
4 
1 1
4 
4 
1 0
0 0 1612654861
1 0
0 0 1491890473
4 
1 0
0 0 957117739
4 
0 0 377279505
3 0 1784004331
2 1
2 1
3 1 1932147000
4 
2 1
3 1 536655960
4 
3 0 2021320394
4 
3 1 2027468820
4 
4 
3 1 1803643039
2 1
4 
0 2 100293312
0 1 1418411208
4 
4 
1 2
4 
0 3 357944369
4 
2 3
3 3 226329638
2 1
4 
4 
4 
2 1
3 1 1635664756
4 
4 
2 0
1 3
4 
3 2 35374132
4 
4 
4 
1 1
0 1 318621948
2 1
0 0 1937068009
0 3 611206251
2 4
2 1
4 
3 4 1412490344
4 
0 3 1406229540
4 
4 
4 
4 
0 6 1209457803
3 3 1611419646
1 0
3 1 1044308765
4 
0 1 1581065734
4 
2 0
4 
1 1
2 3
1 5
1 4
3 2 91978948
2 0
3 0 1155446211
2 3
4 
4 
0 2 60383408
4 
1 0
4 
2 2
1 2
0 3 1462793112
3 0 1897913859
0 2 435462215
4 
4 
0 5 1356534731
1 3
2 4
4 
1 2
3 1 357693490
4 
0 4 1484523333
2 3
2 3
0 4 1222373892
4 
4 
1 3
0 5 319007880
4 
4 
0 3 954354456
4 
4 
4 
4 
2 6
4 
2 1
4 
2 1
4 
4 
4 
4 
0 5 60728575
4 
2 6
0 3 113009021
4 
1 4
4 
2 1
1 0
1 3
1 3
4 
0 3 383366009
2 2
4 
4 
3 0 345665445
4 
1 4
1 1
4 
3 3 1737061057
4 
4 
0 1 307415615
0 1 1229894942
3 5 1222241299
4 
0 0 536399113
4 
1 2
4 
4 
1 5
0 3 1514556320
4 
4 
4 
4 
4 
4 
3 3 290787314
3 0 200493102
2 0
1 0
3 0 1694584258
4 
1 1
0 0 605030648
4 
4 
4 
4 
1 4
1 2
1 2
4 
4 
4 
3 0 1244159251
3 1 1092245636
1 1
2 0
4 
1 0
0 0 1728300333
2 0
4 
0 1 1963061456
0 1 1574874961
4 
4 
4 
4 
4 
0 3 399671513
4 
2 0
2 0
3 2 276571459
4 
2 0
4 
4 
1 1
1 2
0 2 62374049
1 2
1 0
3 0 1406925417
4 
1 0
0 0 734205988
4 
0 0 377269734
3 0 709212839
4 
0 2 660052036
3 2 1925990713
4 
4 
2 0
1 2
3 1 112906430
1 0
2 0
4 
3 0 225990843
4 
4 
2 0
4 
1 0
0 0 1086635665
4 
2 0
4 
4 
4 
0 1 602542437
4 
1 0
4 
3 0 1568546998
0 0 377153934
3 0 1730299725
1 1
4 
0 1 447896859
2 1
4 
4 
2 0
2 1
0 1 403171968
4 
1 1
0 2 1523245141
2 2
4 
2 1
3 2 921839563
2 2
2 1
4 
4 
1 1
4 
4 
2 0
0 0 216588546
1 1
1 0
4 
3 0 1340376684
3 0 1850469352
0 0 261550194
4 
3 1 208238535
1 0
2 0
1 0
0 0 1999248370
0 1 1258105696
4 
0 0 1483856410
3 1 231901094
3 1 975701025
4 
3 2 204035031
3 2 561581471
4 
4 
0 1 1740256538
4 
3 3 1496475517
3 3 1499565009
0 0 714666787
4 
4 
4 
4 
4 
0 0 2038233763
3 2 2086417849
4 
1 3
4 
4 
3 2 1778711537
2 3
4 
3 2 174924408
1 1
2 0
2 1
3 0 2067395481
4 
3 3 1917516358
4 
2 0
4 
4 
0 1 1784643330
4 
3 3 1830744029
0 4 1544516056
2 4
3 3 708267294
3 0 109754432
0 0 1417542209
1 0
4 
0 2 1526122009
1 2
0 6 1726378369
3 4 2074197697
2 3
0 0 1934290705
1 3
2 4
2 4
1 1
0 6 1887134949
4 
2 0
1 3
1 5
1 4
3 2 838507141
2 0
1 2
1 1
2 1
4 
3 0 1803442429
0 2 1898374897
1 1
4 
0 1 1092015731
4 
4 
4 
3 2 1882542153
2 0
2 1
3 2 2076711756
3 1 1379042741
4 
3 0 1234865110
0 3 987196412
1 2
2 1
2 1
4 
3 2 1699280146
2 2
4 
1 1
2 0
0 0 111347849
2 0
0 1 1088598546
4 
4 
1 1
3 0 1266528432
4 
2 1
4 
0 0 999854649
1 1
0 0 366694260
1 0
0 3 1892954874
2 1
1 1
4 
1 2
4 
2 0
0 2 333526534
4 
4 
0 3 629586697
1 0
4 
1 1
4 
2 1
3 1 332895098
4 
4 
4 
4 
0 1 402339267
4 
0 2 417345160
4 
4 
2 1
3 0 1792117992
1 3
0 3 794130719
4 
3 0 1837423424
4 
0 1 391514564
3 1 1667523859
3 4 1354012001
4 
0 3 624118801
0 4 1932743566
2 0
4 
2 4
4 
4 
2 6
4 
4 
4 
3 0 1276776770
4 
3 1 220424447
0 4 1171040640
2 2
3 2 986316575
4 
1 7
2 3
2 0
1 6
2 1
4 
2 3
4 
4 
3 5 1771273912
4 
0 1 214639363
4 
3 3 1235341334
4 
4 
1 0
3 2 926402592
4 
1 4
3 3 51049693
4 
2 2
4 
3 3 404809176
2 0
3 2 2084381930
4 
4 
1 1
1 1
4 
2 0
0 1 539407520
2 3
0 1 1510771347
0 5 1160897388
4 
0 3 154572590
3 1 520998005
2 0
0 1 1000933644
3 3 338585876
4 
4 
1 4
4 
4 
0 6 322983680
1 2
1 1
4 
4 
4 
0 1 1845341708
4 
4 
4 
2 4
4 
4 
4 
4 
4 
4 
0 3 320033740
2 0
4 
2 4
0 2 69015183
4 
3 8 141257980
2 5
1 3
4 
1 7
2 4
3 6 817145772
2 5
1 4
2 5
4 
2 0
4 
4 
0 4 1065089835
2 2
3 1 319337006
4 
4 
4 
4 
2 2
4 
2 2
0 5 2058155820
4 
2 6
4 
4 
0 0 2014862087
4 
1 8
4 
4 
2 0
1 3
4 
1 6
4 
0 6 1708839354
0 5 469716233
0 4 2001682457
4 
4 
3 6 188181386
0 5 916227732
3 4 954391072
1 2
4 
4 
4 
4 
0 8 85466877
4 
2 5
1 6
4 
1 5
1 6
1 6
4 
2 1
4 
4 
0 1 367478202
1 0
3 2 629983899
2 3
4 
4 
4 
2 2
4 
1 4
4 
1 4
2 1
0 0 554864502
0 3 1998200705
0 1 1745763768
3 6 2037411394
1 2
2 2
2 4
4 
2 1
1 2
1 3
4 
1 2
4 
1 0
4 
0 2 884614522
3 2 298534569
3 0 1307789028
2 2
2 1
4 
4 
4 
2 0
4 
4 
0 3 634947671
3 3 1879291995
4 
4 
2 2
1 2
1 2
1 0
4 
4 
3 0 1857863532
1 0
0 0 1794207657
2 0
4 
1 0
0 0 260030120
4 
3 0 1115696381
3 0 546914786
2 0
4 
4 
4 
3 0 2059435165
0 0 673918775
4 
3 1 46852867
2 0
0 2 1858124986
2 0
0 0 542055751
3 0 280719464
1 1
2 2
3 0 1308609867
3 1 240042726
4 
3 1 260681930
4 
3 1 1713451201
3 2 819766624
0 1 1135395058
3 3 1437780193
3 2 38653342
4 
4 
4 
3 2 366584987
1 0
2 2
4 
0 3 536214075
3 0 738003069
0 4 1639289716
4 
3 4 791643417
4 
1 1
1 2
2 2
0 0 1676506691
2 2
2 2
0 3 1785284897
0 4 202374992
4 
0 5 1513171701
4 
1 1
4 
4 
0 6 447201482
2 6
2 0
4 
2 4
4 
0 2 699404998
4 
4 
1 2
2 0
2 3
4 
1 6
4 
2 5
1 5
2 3
0 3 644867462
4 
0 5 1473594820
4 
0 3 1226437437
1 4
4 
4 
4 
0 4 900223813
1 2
0 4 1796411852
1 1
4 
3 4 1228404204
3 5 404631587
2 2
1 4
4 
4 
4 
0 3 736694984
2 5
0 7 985520373
0 5 1013221055
1 4
0 8 977311987
1 2
1 3
4 
2 6
2 3
4 
3 2 1371978826
4 
3 6 639579074
1 0
0 0 650074179
1 0
4 
4 
4 
3 4 1104438212
4 
4 
1 3
4 
3 1 490148397
1 3
4 
0 2 1301680509
4 
3 1 938551124
3 0 1720746157
0 2 1392300318
4 
1 5
1 3
2 2
2 1
4 
4 
3 1 1847271580
4 
4 
4 
3 1 1445323821
3 3 680334517
4 
4 
2 1
4 
1 0
0 1 346418961
4 
1 2
4 
4 
4 
2 1
0 3 919571494
2 0
4 
2 2
2 3
2 1
1 3
0 0 1612126262
4 
0 2 1182837633
3 0 1904669772
4 
2 1
4 
4 
2 2
4 
4 
0 5 1676603554
1 4
0 0 831169052
3 5 552800327
1 0
1 2
0 4 518557186
3 4 2010498300
4 
3 0 1092401186
4 
4 
4 
0 5 364669056
1 2
1 1
4 
4 
0 3 446933808
4 
4 
4 
2 1
2 2
4 
4 
0 0 374960410
4 
1 5
1 4
4 
3 1 481118097
4 
1 2
4 
1 1
4 
2 1
3 1 1270791666
4 
0 2 863063984
1 1
4 
2 1
3 0 1142561258
2 1
0 0 411029928
2 1
4 
2 0
4 
4 
4 
4 
4 
4 
3 1 677045755
1 2
3 0 1941494893
3 1 519725878
2 0
4 
3 0 617821854
4 
0 1 2072138823
3 0 2140955895
2 2
4 
2 2
2 0
4 
4 
4 
2 2
3 2 488632188
4 
4 
2 2
4 
4 
3 2 171742711
4 
4 
4 
2 2
1 2
1 0
4 
4 
0 1 737817424
4 
4 
4 
4 
3 0 1714174013
4 
0 0 970653864
1 1
1 1
1 0
0 0 46342171
1 0
0 0 1324541574
4 
4 
4 
4 
4 
4 
4 
4 
3 0 503743228
4 
4 
0 1 201060004
4 
4 
2 1
4 
3 1 89246961
2 1
0 0 2014545854
3 0 958632291
2 2
2 1
1 1
3 1 1904902382
4 
4 
2 1
4 
4 
2 0
0 0 707928326
2 0
4 
4 
0 1 1586942607
3 0 1165755847
0 1 751448191
1 1
1 0
3 2 457640326
1 1
4 
4 
4 
1 1
0 1 2083664048
3 0 96988387
1 0
3 0 362299711
0 1 1892290465
4 
4 
0 2 1975614279
4 
2 1
4 
4 
4 
1 0
0 1 857000870
1 1
1 0
4 
1 0
0 0 1548806912
0 1 702259630
2 0
1 1
4 
2 0
1 0
0 0 1720287670
0 1 1197865818
4 
2 0
1 1
3 0 255217873
3 0 672341354
2 0
2 0
4 
1 0
0 0 43982025
2 0
0 0 954882701
1 0
0 0 1721899077
1 0
3 0 1313236203
4 
4 
0 0 686355816
0 0 2038767710
0 0 637981305
3 2 696166567
4 
3 3 1986419891
4 
4 
4 
1 1
0 0 2144398597
3 2 604166580
4 
4 
3 2 1971505247
1 3
4 
0 1 172201115
4 
2 0
2 1
2 2
2 2
3 3 785362504
4 
4 
1 1
1 1
0 2 2140833912
2 0
4 
3 2 1013092388
4 
4 
2 1
3 0 889313252
3 0 1777948706
0 3 1541629795
0 4 1304637888
4 
4 
1 0
4 
0 1 282003909
3 4 339430380
4 
1 1
2 3
4 
2 3
4 
2 2
2 1
4 
4 
4 
3 1 1892918198
4 
1 2
4 
4 
1 1
4 
3 0 419883103
3 1 601151369
4 
1 0
4 
4 
1 0
0 0 1111240077
4 
1 0
0 0 1821799498
4 
1 0
0 0 156307103
4 
3 0 1072648513
4 
3 0 766390667
1 0
0 0 1864288915
4 
4 
4 
4 
4 
4 
3 0 401285780
2 0
1 0
0 0 402386289
3 0 588533850
3 0 1888424397
4 
4 
4 
2 0
1 0
0 0 1796096100
2 0
4 
4 
4 
1 0
0 0 2105437009
0 0 446510792
0 1 1943818551
4 
4 
4 
4 
2 1
3 2 1183345659
4 
1 0
1 1
4 
0 0 136526384
4 
4 
0 0 1961116882
4 
0 0 286085413
4 
4 
0 4 230027050
4 
3 1 1495130821
1 1
4 
4 
4 
4 
2 0
1 3
0 2 1172510318
4 
0 2 498265798
4 
1 2
1 2
4 
1 0
2 1
4 
4 
4 
4 
4 
4 
2 0
4 
2 0
2 1
4 
0 2 1972120666
4 
4 
4 
4 
1 0
3 1 10750671
0 0 491896176
4 
3 0 1202134766
2 1
0 0 974765782
3 2 845516464
1 3
4 
3 2 464164348
0 2 820741310
3 2 1651309311
2 2
0 3 623901103
1 2
4 
4 
4 
4 
4 
2 1
2 0
0 3 913513911
1 4
4 
0 4 2042655638
4 
4 
1 2
1 1
4 
4 
2 1
1 1
4 
0 2 1581762352
4 
4 
4 
2 0
4 
4 
0 3 796142100
3 0 679906154
2 1
1 0
3 0 2109575326
4 
2 1
4 
2 0
3 1 837591915
3 0 1481167600
0 0 1342015722
3 1 2142375097
3 1 263020776
4 
4 
4 
0 4 2127749318
4 
0 2 2047346436
3 0 1495438756
1 2
2 1
2 2
4 
2 4
1 0
4 
1 1
1 1
1 0
2 0
3 0 571099888
4 
3 0 1408128434
1 0
0 0 1531869734
3 0 240383013
4 
1 0
0 0 472366208
0 0 290416948
3 1 1849700880
2 0
4 
4 
2 1
1 0
2 0
4 
4 
4 
2 0
3 0 414103017
4 
3 0 1055781811
4 
4 
4 
2 0
0 1 1293595391
4 
3 0 185221279
3 1 1285065087
4 
1 1
4 
4 
1 0
0 0 1482670377
1 0
0 0 1667112712
4 
4 
4 
4 
4 
0 1 1439022342
4 
3 1 634479541
4 
3 0 1358449215
4 
4 
0 1 400956620
3 0 1377232569
4 
2 0
3 1 175508995
1 0
4 
3 1 2056716747
2 0
4 
1 0
2 0
4 
4 
0 0 55528900
4 
3 1 1363474358
3 0 2134748882
2 1
1 1
1 0
0 0 331074994
4 
4 
0 1 1505122273
0 2 2123861769
0 0 1059941077
3 0 1229181521
4 
0 4 1200706003
4 
4 
2 1
0 1 702852373
3 0 1307862850
4 
4 
3 2 464748242
4 
0 2 160576247
4 
3 6 1633673495
1 0
3 3 1352063991
0 4 1018309748
4 
0 7 167882131
4 
1 7
4 
4 
4 
3 6 1496126933
4 
0 3 1673622979
3 0 469863785
4 
3 6 146725324
2 4
4 
3 2 1981725601
4 
3 6 976713351
4 
0 6 288011201
4 
2 8
0 9 10753842
4 
1 3
4 
2 0
3 5 1165703579
3 7 2124022564
2 3
4 
4 
0 5 1921242661
1 9
1 8
3 1 514009928
4 
3 5 333339756
0 7 1253702921
3 2 1589299978
2 2
4 
3 1 598639760
4 
4 
0 6 1380271968
0 5 1118350078
4 
4 
0 8 1566113975
3 10 673869739
1 9
1 2
4 
4 
0 8 1598024270
4 
0 3 1021811143
2 5
3 6 645359520
3 10 1232166269
0 2 273098443
1 10
3 2 1755202899
2 8
1 7
0 10 1057037252
0 12 1492708591
3 4 1295242142
4 
1 0
4 
4 
3 1 456251141
3 5 30747784
4 
4 
1 5
4 
2 4
4 
4 
3 1 149995734
4 
4 
4 
4 
3 0 1093232220
2 4
4 
4 
4 
4 
1 1
1 5
1 0
4 
4 
0 0 967172988
0 3 1799375438
4 
3 6 1013727049
2 0
4 
0 4 621447110
2 1
4 
4 
0 3 932632619
2 0
4 
3 2 865085625
1 0
0 7 1845970442
1 7
4 
1 10
3 5 1838399968
0 1 1685817632
2 3
3 7 837365228
1 8
4 
2 1
4 
3 9 468089920
3 3 1946812894
4 
4 
1 5
4 
3 8 541729409
4 
2 4
2 3
4 
3 4 1904252557
4 
2 6
0 7 874880032
4 
1 8
3 6 531265902
1 7
4 
2 0
1 3
0 1 2057135455
0 3 845342339
0 8 736851692
4 
0 7 1185742299
4 
2 9
0 8 1174737369
4 
4 
4 
2 3
1 3
4 
4 
3 7 223082731
3 1 1225818510
2 7
4 
2 2
1 5
1 0
1 0
4 
0 2 271108933
3 8 1611742149
4 
2 3
4 
3 4 1344437381
0 4 2120643031
2 8
4 
2 8
3 8 2124091794
3 4 1554224020
4 
0 3 1425056655
2 3
4 
4 
4 
2 3
4 
1 3
2 8
4 
4 
2 5
4 
3 6 616888157
1 3
4 
1 6
4 
4 
4 
0 2 291406057
0 2 177059518
4 
2 6
2 1
1 4
3 2 671952708
4 
4 
2 1
1 0
4 
3 4 1676119697
4 
0 6 1605064286
4 
2 4
4 
3 4 1420244912
2 2
1 3
3 7 934333350
2 1
0 4 1462762361
0 4 960831445
1 7
3 0 1027757121
0 4 477458390
1 0
0 3 1586991786
2 7
2 3
3 1 23529451
4 
2 7
1 0
0 9 394019224
4 
2 4
1 2
3 2 987343952
4 
0 8 1445686905
1 6
4 
3 4 359212663
4 
2 7
2 8
2 5
1 6
0 0 1173011111
1 7
3 1 1339010735
1 1
4 
4 
1 0
4 
4 
2 2
4 
0 1 322383205
0 6 194281354
2 7
4 
2 2
4 
2 1
3 3 1838967903
4 
2 3
4 
4 
4 
3 2 1642707469
4 
1 1
0 6 782268998
0 0 648427706
3 7 671460540
0 9 477818479
1 0
4 
2 3
4 
4 
3 6 508360992
0 1 1192705639
0 10 320711609
0 4 648895546
4 
0 5 225273532
0 4 1676405312
4 
3 8 86823691
4 
4 
4 
1 11
4 
4 
4 
1 7
4 
1 10
3 0 121677852
4 
4 
4 
3 8 1774001821
1 7
1 9
2 0
1 1
4 
4 
4 
1 5
4 
3 6 56074230
4 
3 4 1302452553
1 3
2 0
2 5
3 0 1558725771
0 0 1047026923
3 6 1041632320
4 
0 7 1621154977
4 
4 
2 3
3 3 2065066655
4 
1 3
0 4 1599457422
1 1
3 4 2051382313
4 
0 0 1685363479
4 
1 3
4 
4 
2 4
4 
4 
4 
4 
4 
4 
0 7 1422924686
2 1
0 4 1433329758
0 9 2041033633
3 7 1308610070
0 0 152959735
2 0
0 11 463047106
0 12 894793141
4 
4 
4 
2 5
2 8
4 
0 3 1686564758
1 6
2 9
1 11
4 
4 
2 6
4 
3 2 1615444671
4 
4 
2 2
0 5 1645632345
2 8
0 9 588714377
4 
2 7
4 
0 14 171051392
2 12
4 
2 3
1 10
2 7
4 
4 
4 
4 
4 
3 3 1733412388
0 6 1781775021
0 13 797366361
4 
0 15 2012389491
3 13 345159205
4 
4 
4 
4 
4 
1 10
0 12 1347828646
4 
1 14
2 15
2 14
0 15 1813594875
2 2
4 
4 
0 17 1591071292
3 8 1904261072
4 
4 
4 
0 17 2089667158
4 
4 
1 14
4 
4 
3 5 2057366035
4 
2 4
3 15 2049050123
1 15
0 15 457643722
4 
4 
1 4
1 3
0 3 1589335787
0 4 562457589
4 
4 
3 5 875325561
4 
0 11 538612608
4 
0 5 2022368886
0 20 1038544290
4 
1 6
0 11 1676984891
2 16
2 16
4 
0 19 807313290
0 11 1961104808
4 
0 17 1373942800
0 23 716956081
4 
4 
4 
3 9 1698859457
2 9
4 
2 12
3 11 1278124751
1 14
4 
0 4 885011898
1 12
0 2 1860603686
1 19
1 10
2 14
0 4 1266201186
0 12 348121407
4 
4 
4 
4 
2 18
4 
0 11 1192682184
1 15
0 22 1329500254
4 
4 
4 
1 2
2 23
4 
0 13 1985111463
4 
3 10 1918996261
3 20 1445765358
1 3
4 
4 
4 
4 
0 4 638056267
0 7 593999066
4 
4 
4 
4 
3 17 1845014993
4 
4 
2 6
0 3 785036373
4 
4 
4 
